   2.9625646e+00   3.6652357e+00   1.0000000e+00
   2.5531783e+00   4.1338061e+00   1.0000000e+00
   2.3216993e+00   2.8864590e+00   1.0000000e+00
   2.7072755e+00   2.6489368e+00   1.0000000e+00
   3.9521291e+00   3.5970404e+00   1.0000000e+00
   2.8017349e+00   2.6653262e+00   1.0000000e+00
   2.0389737e+00   3.5266186e+00   1.0000000e+00
   1.9705565e+00   3.3844496e+00   1.0000000e+00
   1.7364644e+00   3.1820833e+00   1.0000000e+00
   2.9920495e+00   3.8628090e+00   1.0000000e+00
   3.2362027e+00   2.1183909e+00   1.0000000e+00
   2.8320905e+00   3.6992428e+00   1.0000000e+00
   3.3614111e+00   3.9509482e+00   1.0000000e+00
   3.4872638e+00   2.7324513e+00   1.0000000e+00
   3.5424888e+00   2.2034043e+00   1.0000000e+00
   2.3068010e+00   2.4815652e+00   1.0000000e+00
   2.0104746e+00   2.8710389e+00   1.0000000e+00
   2.4744832e+00   3.7154531e+00   1.0000000e+00
   2.0880486e+00   2.2857526e+00   1.0000000e+00
   2.0732720e+00   4.1234339e+00   1.0000000e+00
   3.1867478e+00   3.5634341e+00   1.0000000e+00
   3.3962402e+00   3.0568969e+00   1.0000000e+00
   3.4782457e+00   2.8616951e+00   1.0000000e+00
   2.1163253e+00   3.8745420e+00   1.0000000e+00
   3.2875918e+00   4.0950320e+00   1.0000000e+00
   3.2466152e+00   3.6798840e+00   1.0000000e+00
   1.8215222e+00   4.5967531e+00   1.0000000e+00
   3.2153721e+00   4.1494904e+00   1.0000000e+00
   3.2481461e+00   4.3269925e+00   1.0000000e+00
   1.2558448e+00   3.9929291e+00   1.0000000e+00
   1.9197712e+00   4.7194211e+00   1.0000000e+00
   2.3263526e+00   4.4252644e+00   1.0000000e+00
   1.4058144e+00   2.6820273e+00   1.0000000e+00
   2.2913852e+00   3.5939993e+00   1.0000000e+00
   1.5136521e+00   3.1348562e+00   1.0000000e+00
   3.0022442e+00   3.2454264e+00   1.0000000e+00
   2.4130639e+00   2.8754894e+00   1.0000000e+00
   3.1171804e+00   3.8094495e+00   1.0000000e+00
   3.9595304e+00   3.9186494e+00   1.0000000e+00
   3.8150666e+00   4.7733043e+00   1.0000000e+00
   2.3567555e+00   4.5764275e+00   1.0000000e+00
   2.2161497e+00   2.9450967e+00   1.0000000e+00
   2.1678889e+00   4.3905847e+00   1.0000000e+00
   2.7090382e+00   3.2996803e+00   1.0000000e+00
   2.4317494e+00   4.0671259e+00   1.0000000e+00
   3.1584672e+00   3.8273382e+00   1.0000000e+00
   2.4558738e+00   2.9735122e+00   1.0000000e+00
   1.3094909e+00   2.8316989e+00   1.0000000e+00
   3.1179654e+00   3.1137006e+00   1.0000000e+00
   4.0460133e+00   3.1788811e+00   1.0000000e+00
   2.3634797e+00   1.8540357e+00   1.0000000e+00
   3.8250818e+00   2.3133647e+00   1.0000000e+00
   3.2902259e+00   2.7963290e+00   1.0000000e+00
   1.3879469e+00   3.3658751e+00   1.0000000e+00
   3.0789244e+00   2.5956180e+00   1.0000000e+00
   1.4969934e+00   2.4355761e+00   1.0000000e+00
   2.8449424e+00   4.1903310e+00   1.0000000e+00
   2.2717359e+00   3.8502685e+00   1.0000000e+00
   2.2461406e+00   3.1094549e+00   1.0000000e+00
   1.0048772e+00   4.1725250e+00   1.0000000e+00
   2.6093032e+00   4.3413629e+00   1.0000000e+00
   2.4620709e+00   3.1449922e+00   1.0000000e+00
   1.9832834e+00   4.8052613e+00   1.0000000e+00
   3.8578209e+00   3.7653394e+00   1.0000000e+00
   1.5144082e+00   3.6497607e+00   1.0000000e+00
   3.3373638e+00   3.8768964e+00   1.0000000e+00
   3.9760962e+00   3.2421452e+00   1.0000000e+00
   2.4607555e+00   1.5466632e+00   1.0000000e+00
   3.7904481e+00   5.3167042e+00   1.0000000e+00
   3.6593560e+00   3.7920633e+00   1.0000000e+00
   3.4858633e+00   3.7220211e+00   1.0000000e+00
   2.0450927e+00   3.2185694e+00   1.0000000e+00
   1.8586179e+00   3.7678255e+00   1.0000000e+00
   1.9279255e+00   3.0461916e+00   1.0000000e+00
   2.6271535e+00   4.0922503e+00   1.0000000e+00
   1.6579183e+00   4.1260939e+00   1.0000000e+00
   1.7432921e+00   4.3108279e+00   1.0000000e+00
   3.7930319e+00   5.9846442e+00   1.0000000e+00
   2.1394390e+00   4.8155281e+00   1.0000000e+00
   3.4858602e+00   4.2398731e+00   1.0000000e+00
   2.8435415e+00   4.0429075e+00   1.0000000e+00
   2.7764553e+00   4.9260039e+00   1.0000000e+00
   1.3675973e+00   1.9365158e+00   1.0000000e+00
   3.6980966e+00   2.7491313e+00   1.0000000e+00
   3.4171054e+00   4.9185851e+00   1.0000000e+00
   2.2390182e+00   3.4920807e+00   1.0000000e+00
   2.1867347e+00   3.1344030e+00   1.0000000e+00
   2.5693190e+00   5.2147534e+00   1.0000000e+00
   2.1257685e+00   3.9515435e+00   1.0000000e+00
   2.7747554e+00   3.7887652e+00   1.0000000e+00
   1.9884501e+00   4.0638862e+00   1.0000000e+00
   4.1106429e+00   4.8715653e+00   1.0000000e+00
   2.2643280e+00   3.2593921e+00   1.0000000e+00
   1.6334138e+00   3.0437163e+00   1.0000000e+00
   1.7416075e+00   4.7040217e+00   1.0000000e+00
   3.0381766e+00   4.5245764e+00   1.0000000e+00
   2.8708287e+00   3.5546630e+00   1.0000000e+00
   1.7599142e+00   2.9829816e+00   1.0000000e+00
   2.4161011e+00   2.8928559e+00   1.0000000e+00
   1.9698317e+00   3.4876324e+00   1.0000000e+00
  -9.8252018e+00   5.4865071e+00   2.0000000e+00
  -1.1625494e+01   6.4170985e+00   2.0000000e+00
  -9.0174817e+00   4.8890814e+00   2.0000000e+00
  -9.8944160e+00   6.5387311e+00   2.0000000e+00
  -9.2567493e+00   7.0857590e+00   2.0000000e+00
  -1.0873038e+01   6.3698958e+00   2.0000000e+00
  -1.0878719e+01   7.2011007e+00   2.0000000e+00
  -8.3075308e+00   4.9754726e+00   2.0000000e+00
  -8.4030405e+00   6.0997532e+00   2.0000000e+00
  -9.5840109e+00   6.3094777e+00   2.0000000e+00
  -9.7241928e+00   6.3670623e+00   2.0000000e+00
  -8.3590615e+00   6.0560714e+00   2.0000000e+00
  -1.0300426e+01   5.4819233e+00   2.0000000e+00
  -1.0218884e+01   5.9934882e+00   2.0000000e+00
  -9.5426787e+00   6.2406357e+00   2.0000000e+00
  -1.0068252e+01   5.6295954e+00   2.0000000e+00
  -8.9373232e+00   5.2338710e+00   2.0000000e+00
  -1.0191403e+01   5.4875187e+00   2.0000000e+00
  -8.8235579e+00   5.7114755e+00   2.0000000e+00
  -8.8421783e+00   4.8758659e+00   2.0000000e+00
  -1.1025482e+01   6.4337045e+00   2.0000000e+00
  -1.0500119e+01   5.7494205e+00   2.0000000e+00
  -1.0047798e+01   5.9286993e+00   2.0000000e+00
  -9.9422439e+00   6.0431268e+00   2.0000000e+00
  -1.0427073e+01   6.2178152e+00   2.0000000e+00
  -9.6082721e+00   4.4559999e+00   2.0000000e+00
  -9.5454076e+00   6.7891073e+00   2.0000000e+00
  -9.8031444e+00   5.7415139e+00   2.0000000e+00
  -1.1052022e+01   6.0826922e+00   2.0000000e+00
  -1.0076194e+01   6.0180955e+00   2.0000000e+00
  -1.1005830e+01   5.9151357e+00   2.0000000e+00
  -1.0800455e+01   5.6851541e+00   2.0000000e+00
  -9.1082553e+00   5.6629428e+00   2.0000000e+00
  -9.5163266e+00   4.8890189e+00   2.0000000e+00
  -9.8074916e+00   6.2559117e+00   2.0000000e+00
  -1.0693169e+01   4.9738319e+00   2.0000000e+00
  -9.1265732e+00   6.3989516e+00   2.0000000e+00
  -1.0239497e+01   6.3537012e+00   2.0000000e+00
  -9.4491530e+00   5.0554602e+00   2.0000000e+00
  -1.0380534e+01   5.4645548e+00   2.0000000e+00
  -9.7599907e+00   6.6172039e+00   2.0000000e+00
  -1.0300723e+01   6.2063543e+00   2.0000000e+00
  -9.1384794e+00   4.9214815e+00   2.0000000e+00
  -9.5145482e+00   5.8274752e+00   2.0000000e+00
  -8.8088366e+00   6.5588998e+00   2.0000000e+00
  -1.0572514e+01   5.4447810e+00   2.0000000e+00
  -1.0269857e+01   6.1907390e+00   2.0000000e+00
  -9.3876911e+00   5.7044251e+00   2.0000000e+00
  -9.6802955e+00   5.6965800e+00   2.0000000e+00
  -9.9854310e+00   6.8370285e+00   2.0000000e+00
  -9.5001210e+00   6.4294965e+00   2.0000000e+00
  -9.6665022e+00   5.4162458e+00   2.0000000e+00
  -9.5032426e+00   4.9166381e+00   2.0000000e+00
  -9.0992282e+00   5.3455424e+00   2.0000000e+00
  -8.6005788e+00   5.9685577e+00   2.0000000e+00
  -1.0411417e+01   5.9020401e+00   2.0000000e+00
  -9.5764561e+00   6.2431210e+00   2.0000000e+00
  -8.8438811e+00   4.3302534e+00   2.0000000e+00
  -1.0850741e+01   4.1332011e+00   2.0000000e+00
  -1.0987611e+01   5.6744280e+00   2.0000000e+00
  -1.0843311e+01   5.2555421e+00   2.0000000e+00
  -8.5014067e+00   5.9672176e+00   2.0000000e+00
  -1.0772023e+01   6.1277703e+00   2.0000000e+00
  -9.6908014e+00   6.7863611e+00   2.0000000e+00
  -9.7450974e+00   6.5367761e+00   2.0000000e+00
  -8.3588166e+00   6.8043613e+00   2.0000000e+00
  -1.0068397e+01   5.5229461e+00   2.0000000e+00
  -1.0297102e+01   5.5501988e+00   2.0000000e+00
  -9.1257215e+00   7.1517312e+00   2.0000000e+00
  -1.0048769e+01   6.6827062e+00   2.0000000e+00
  -1.0851575e+01   6.1252441e+00   2.0000000e+00
  -1.0231331e+01   5.6990317e+00   2.0000000e+00
  -9.1233406e+00   6.5228299e+00   2.0000000e+00
  -9.2329938e+00   5.9027011e+00   2.0000000e+00
  -9.9961066e+00   5.4129644e+00   2.0000000e+00
  -1.0171023e+01   4.1322415e+00   2.0000000e+00
  -1.0360552e+01   6.6804344e+00   2.0000000e+00
  -9.8701808e+00   5.7540185e+00   2.0000000e+00
  -1.0422111e+01   5.6018741e+00   2.0000000e+00
  -9.2386274e+00   6.8560279e+00   2.0000000e+00
  -9.4968268e+00   7.2208317e+00   2.0000000e+00
  -9.9351110e+00   5.7794366e+00   2.0000000e+00
  -8.9998622e+00   6.1206462e+00   2.0000000e+00
  -8.9890097e+00   6.1903175e+00   2.0000000e+00
  -9.6606398e+00   6.3411597e+00   2.0000000e+00
  -9.6803352e+00   5.4913437e+00   2.0000000e+00
  -8.8523059e+00   4.9475335e+00   2.0000000e+00
  -9.6760245e+00   5.9488073e+00   2.0000000e+00
  -9.6198655e+00   6.3061909e+00   2.0000000e+00
  -1.0182223e+01   5.7360265e+00   2.0000000e+00
  -9.2987833e+00   5.6694761e+00   2.0000000e+00
  -8.8593926e+00   5.2343146e+00   2.0000000e+00
  -1.0641675e+01   4.0568152e+00   2.0000000e+00
  -9.3266206e+00   6.1465769e+00   2.0000000e+00
  -9.2632195e+00   5.7877174e+00   2.0000000e+00
  -9.0178904e+00   5.2943090e+00   2.0000000e+00
  -9.8420664e+00   5.4546928e+00   2.0000000e+00
  -1.0061259e+01   5.6694238e+00   2.0000000e+00
  -9.7700294e+00   6.3240178e+00   2.0000000e+00
  -1.0670304e+01   4.6756122e+00   2.0000000e+00
  -1.5549036e+01  -5.5644628e+00   3.0000000e+00
  -1.6142532e+01  -4.2041336e+00   3.0000000e+00
  -1.6371109e+01  -4.6690058e+00   3.0000000e+00
  -1.7207360e+01  -5.7426025e+00   3.0000000e+00
  -1.5192051e+01  -4.7003572e+00   3.0000000e+00
  -1.5553764e+01  -4.7397802e+00   3.0000000e+00
  -1.5601672e+01  -5.9988350e+00   3.0000000e+00
  -1.5904345e+01  -6.7551252e+00   3.0000000e+00
  -1.5638981e+01  -5.9016986e+00   3.0000000e+00
  -1.5743212e+01  -4.0383944e+00   3.0000000e+00
  -1.5833886e+01  -5.8306256e+00   3.0000000e+00
  -1.7570918e+01  -5.4180881e+00   3.0000000e+00
  -1.6837539e+01  -4.6340082e+00   3.0000000e+00
  -1.6469144e+01  -5.3557078e+00   3.0000000e+00
  -1.5034056e+01  -5.8782938e+00   3.0000000e+00
  -1.5587771e+01  -5.8938092e+00   3.0000000e+00
  -1.6352017e+01  -6.6845218e+00   3.0000000e+00
  -1.6064660e+01  -4.5285163e+00   3.0000000e+00
  -1.6209564e+01  -5.1370678e+00   3.0000000e+00
  -1.5788450e+01  -5.2636992e+00   3.0000000e+00
  -1.5480692e+01  -5.8150524e+00   3.0000000e+00
  -1.6446768e+01  -5.6186462e+00   3.0000000e+00
  -1.5959571e+01  -4.4832178e+00   3.0000000e+00
  -1.5712031e+01  -6.4650232e+00   3.0000000e+00
  -1.5838760e+01  -5.7400858e+00   3.0000000e+00
  -1.4087746e+01  -4.4742858e+00   3.0000000e+00
  -1.5264876e+01  -4.6690941e+00   3.0000000e+00
  -1.6053505e+01  -5.1272101e+00   3.0000000e+00
  -1.5712422e+01  -5.0304572e+00   3.0000000e+00
  -1.5147073e+01  -5.2136740e+00   3.0000000e+00
  -1.5784104e+01  -5.7877018e+00   3.0000000e+00
  -1.5010986e+01  -6.1630943e+00   3.0000000e+00
  -1.5797042e+01  -5.4452936e+00   3.0000000e+00
  -1.5132823e+01  -5.2055804e+00   3.0000000e+00
  -1.6039235e+01  -5.6085598e+00   3.0000000e+00
  -1.6164951e+01  -5.4188835e+00   3.0000000e+00
  -1.5497624e+01  -5.2587125e+00   3.0000000e+00
  -1.4902884e+01  -4.9286237e+00   3.0000000e+00
  -1.6554039e+01  -4.7506324e+00   3.0000000e+00
  -1.5435815e+01  -4.3650275e+00   3.0000000e+00
  -1.6365530e+01  -5.5059961e+00   3.0000000e+00
  -1.4574479e+01  -4.9798166e+00   3.0000000e+00
  -1.5543734e+01  -5.8469381e+00   3.0000000e+00
  -1.5576912e+01  -5.1695658e+00   3.0000000e+00
  -1.5191986e+01  -5.1233525e+00   3.0000000e+00
  -1.5739468e+01  -7.5655299e+00   3.0000000e+00
  -1.5736552e+01  -5.1514764e+00   3.0000000e+00
  -1.4918246e+01  -6.6845976e+00   3.0000000e+00
  -1.5317404e+01  -5.0053027e+00   3.0000000e+00
  -1.5069110e+01  -5.6532901e+00   3.0000000e+00
  -1.5903562e+01  -4.5017693e+00   3.0000000e+00
  -1.5961123e+01  -6.8129407e+00   3.0000000e+00
  -1.5259441e+01  -3.8650719e+00   3.0000000e+00
  -1.6954755e+01  -6.2551373e+00   3.0000000e+00
  -1.6836190e+01  -5.5252924e+00   3.0000000e+00
  -1.5855461e+01  -5.9928775e+00   3.0000000e+00
  -1.5578156e+01  -4.2571038e+00   3.0000000e+00
  -1.5946671e+01  -5.3712026e+00   3.0000000e+00
  -1.5462776e+01  -3.7639636e+00   3.0000000e+00
  -1.6210321e+01  -4.8036867e+00   3.0000000e+00
  -1.6228835e+01  -5.3936815e+00   3.0000000e+00
  -1.4155899e+01  -3.7720793e+00   3.0000000e+00
  -1.5197010e+01  -4.9032059e+00   3.0000000e+00
  -1.5458455e+01  -5.9132395e+00   3.0000000e+00
  -1.4923245e+01  -6.2210461e+00   3.0000000e+00
  -1.7080182e+01  -5.6521850e+00   3.0000000e+00
  -1.6157788e+01  -5.6640006e+00   3.0000000e+00
  -1.6412284e+01  -6.9798593e+00   3.0000000e+00
  -1.7441350e+01  -5.5508805e+00   3.0000000e+00
  -1.5316492e+01  -4.8352112e+00   3.0000000e+00
  -1.4564582e+01  -4.9154833e+00   3.0000000e+00
  -1.4612220e+01  -5.1028743e+00   3.0000000e+00
  -1.5015339e+01  -4.3962390e+00   3.0000000e+00
  -1.5195966e+01  -5.6416850e+00   3.0000000e+00
  -1.5389667e+01  -5.8880642e+00   3.0000000e+00
  -1.5184772e+01  -6.1930789e+00   3.0000000e+00
  -1.6444701e+01  -6.0706069e+00   3.0000000e+00
  -1.5901211e+01  -5.1120358e+00   3.0000000e+00
  -1.4973267e+01  -6.1922984e+00   3.0000000e+00
  -1.5029372e+01  -5.2732196e+00   3.0000000e+00
  -1.5804621e+01  -5.4120517e+00   3.0000000e+00
  -1.6633993e+01  -5.1231815e+00   3.0000000e+00
  -1.5664107e+01  -4.0170511e+00   3.0000000e+00
  -1.6365252e+01  -5.0420270e+00   3.0000000e+00
  -1.5188139e+01  -5.8616869e+00   3.0000000e+00
  -1.6264374e+01  -6.7859840e+00   3.0000000e+00
  -1.6202797e+01  -4.2406349e+00   3.0000000e+00
  -1.5199359e+01  -6.3007333e+00   3.0000000e+00
  -1.6146127e+01  -6.0736901e+00   3.0000000e+00
  -1.4569565e+01  -5.8226934e+00   3.0000000e+00
  -1.5697286e+01  -4.8989818e+00   3.0000000e+00
  -1.5499567e+01  -6.3010648e+00   3.0000000e+00
  -1.5481977e+01  -4.7429326e+00   3.0000000e+00
  -1.5493593e+01  -6.4172060e+00   3.0000000e+00
  -1.6375436e+01  -5.5641107e+00   3.0000000e+00
  -1.5466380e+01  -6.3024406e+00   3.0000000e+00
  -1.5509153e+01  -5.9952334e+00   3.0000000e+00
  -1.6729038e+01  -5.0518457e+00   3.0000000e+00
  -1.4960947e+01  -4.5908058e+00   3.0000000e+00
  -1.5441228e+01  -4.8664879e+00   3.0000000e+00
  -7.7925243e+00  -1.3889746e+01   4.0000000e+00
  -5.7195800e+00  -1.4449615e+01   4.0000000e+00
  -7.6020762e+00  -1.4126025e+01   4.0000000e+00
  -6.4277931e+00  -1.3461818e+01   4.0000000e+00
  -6.5718305e+00  -1.4700437e+01   4.0000000e+00
  -5.4505300e+00  -1.4689065e+01   4.0000000e+00
  -5.8995775e+00  -1.4355070e+01   4.0000000e+00
  -7.4164162e+00  -1.3890255e+01   4.0000000e+00
  -6.1836488e+00  -1.4748228e+01   4.0000000e+00
  -5.9290409e+00  -1.5896374e+01   4.0000000e+00
  -7.0940985e+00  -1.5349894e+01   4.0000000e+00
  -6.9916052e+00  -1.5624461e+01   4.0000000e+00
  -8.1835104e+00  -1.4377275e+01   4.0000000e+00
  -7.1558220e+00  -1.5373111e+01   4.0000000e+00
  -8.2934012e+00  -1.5076268e+01   4.0000000e+00
  -6.2576516e+00  -1.4301339e+01   4.0000000e+00
  -7.6140552e+00  -1.4644172e+01   4.0000000e+00
  -7.2365997e+00  -1.3600247e+01   4.0000000e+00
  -7.1074937e+00  -1.4078334e+01   4.0000000e+00
  -6.3337043e+00  -1.5379879e+01   4.0000000e+00
  -7.1044417e+00  -1.3794505e+01   4.0000000e+00
  -7.0215784e+00  -1.4405429e+01   4.0000000e+00
  -7.1689810e+00  -1.4430145e+01   4.0000000e+00
  -7.2389982e+00  -1.5101936e+01   4.0000000e+00
  -7.3710949e+00  -1.5700371e+01   4.0000000e+00
  -7.8635029e+00  -1.5354152e+01   4.0000000e+00
  -7.4762942e+00  -1.4115796e+01   4.0000000e+00
  -6.3666563e+00  -1.5000337e+01   4.0000000e+00
  -5.8799280e+00  -1.4471135e+01   4.0000000e+00
  -6.9890374e+00  -1.5353795e+01   4.0000000e+00
  -7.6485726e+00  -1.4527313e+01   4.0000000e+00
  -7.5492012e+00  -1.4289190e+01   4.0000000e+00
  -5.9567283e+00  -1.3006167e+01   4.0000000e+00
  -6.4067204e+00  -1.3495015e+01   4.0000000e+00
  -7.1963702e+00  -1.4472925e+01   4.0000000e+00
  -6.1574622e+00  -1.4035376e+01   4.0000000e+00
  -7.7062015e+00  -1.4158351e+01   4.0000000e+00
  -7.3311093e+00  -1.5227073e+01   4.0000000e+00
  -6.9477961e+00  -1.5623548e+01   4.0000000e+00
  -6.8863953e+00  -1.4881023e+01   4.0000000e+00
  -6.6774464e+00  -1.4528051e+01   4.0000000e+00
  -6.3354956e+00  -1.4595621e+01   4.0000000e+00
  -7.0716143e+00  -1.3448838e+01   4.0000000e+00
  -6.3842875e+00  -1.3893207e+01   4.0000000e+00
  -6.5567220e+00  -1.5893138e+01   4.0000000e+00
  -6.9897811e+00  -1.5495440e+01   4.0000000e+00
  -7.7726628e+00  -1.5042410e+01   4.0000000e+00
  -5.4283790e+00  -1.5212761e+01   4.0000000e+00
  -7.2565902e+00  -1.4563810e+01   4.0000000e+00
  -5.9112200e+00  -1.5459260e+01   4.0000000e+00
  -5.8425050e+00  -1.4312210e+01   4.0000000e+00
  -6.1526469e+00  -1.3137929e+01   4.0000000e+00
  -7.3696578e+00  -1.4450066e+01   4.0000000e+00
  -6.4477635e+00  -1.5481188e+01   4.0000000e+00
  -7.7067365e+00  -1.3388831e+01   4.0000000e+00
  -6.7413439e+00  -1.3253459e+01   4.0000000e+00
  -7.3903802e+00  -1.4474117e+01   4.0000000e+00
  -7.0699141e+00  -1.3721845e+01   4.0000000e+00
  -7.1286029e+00  -1.3508981e+01   4.0000000e+00
  -7.1223742e+00  -1.4308193e+01   4.0000000e+00
  -7.3689970e+00  -1.5021445e+01   4.0000000e+00
  -6.4788118e+00  -1.4429198e+01   4.0000000e+00
  -6.6633361e+00  -1.4183917e+01   4.0000000e+00
  -5.9157275e+00  -1.4465254e+01   4.0000000e+00
  -6.5516523e+00  -1.2314870e+01   4.0000000e+00
  -5.9204807e+00  -1.3110242e+01   4.0000000e+00
  -6.5897970e+00  -1.3641622e+01   4.0000000e+00
  -6.5087757e+00  -1.4404191e+01   4.0000000e+00
  -5.8525796e+00  -1.3854129e+01   4.0000000e+00
  -7.3636485e+00  -1.5355098e+01   4.0000000e+00
  -6.8519751e+00  -1.4927923e+01   4.0000000e+00
  -7.2571656e+00  -1.5261141e+01   4.0000000e+00
  -7.4556544e+00  -1.5017503e+01   4.0000000e+00
  -6.6326018e+00  -1.4253146e+01   4.0000000e+00
  -7.4851741e+00  -1.4906807e+01   4.0000000e+00
  -6.8639398e+00  -1.4228207e+01   4.0000000e+00
  -8.2621729e+00  -1.5163005e+01   4.0000000e+00
  -7.6625443e+00  -1.3881160e+01   4.0000000e+00
  -6.7634008e+00  -1.4475722e+01   4.0000000e+00
  -7.0927490e+00  -1.4295436e+01   4.0000000e+00
  -7.4814905e+00  -1.4431695e+01   4.0000000e+00
  -7.8096580e+00  -1.4785352e+01   4.0000000e+00
  -7.3691980e+00  -1.4878526e+01   4.0000000e+00
  -7.3035227e+00  -1.3824015e+01   4.0000000e+00
  -6.7990449e+00  -1.3260881e+01   4.0000000e+00
  -7.1535774e+00  -1.4733917e+01   4.0000000e+00
  -6.2299933e+00  -1.4594984e+01   4.0000000e+00
  -6.8921703e+00  -1.4724518e+01   4.0000000e+00
  -7.3457568e+00  -1.4523861e+01   4.0000000e+00
  -6.9176526e+00  -1.5101867e+01   4.0000000e+00
  -7.4445980e+00  -1.3905932e+01   4.0000000e+00
  -6.3905265e+00  -1.5273037e+01   4.0000000e+00
  -5.7292651e+00  -1.4093187e+01   4.0000000e+00
  -5.7837113e+00  -1.3252232e+01   4.0000000e+00
  -7.7894846e+00  -1.4366299e+01   4.0000000e+00
  -5.3510467e+00  -1.5944805e+01   4.0000000e+00
  -7.0878957e+00  -1.4782793e+01   4.0000000e+00
  -6.5232181e+00  -1.5697898e+01   4.0000000e+00
  -7.5857437e+00  -1.2384124e+01   4.0000000e+00
  -6.5257630e+00  -1.4196025e+01   4.0000000e+00
   5.9793238e+00  -9.5391894e+00   5.0000000e+00
   4.6480748e+00  -9.4420101e+00   5.0000000e+00
   3.5439728e+00  -9.8613701e+00   5.0000000e+00
   4.0386836e+00  -9.0364518e+00   5.0000000e+00
   5.6773348e+00  -9.2950245e+00   5.0000000e+00
   5.0080335e+00  -8.3886942e+00   5.0000000e+00
   3.9870273e+00  -8.3902545e+00   5.0000000e+00
   4.2366095e+00  -8.5311837e+00   5.0000000e+00
   5.0722248e+00  -8.9496856e+00   5.0000000e+00
   4.6343474e+00  -9.3412801e+00   5.0000000e+00
   4.3720472e+00  -9.1267231e+00   5.0000000e+00
   4.6287582e+00  -8.5277507e+00   5.0000000e+00
   4.5972932e+00  -8.3568293e+00   5.0000000e+00
   4.6735214e+00  -1.0023500e+01   5.0000000e+00
   4.4998903e+00  -9.3905394e+00   5.0000000e+00
   4.4160097e+00  -9.7745250e+00   5.0000000e+00
   3.4377431e+00  -8.4447774e+00   5.0000000e+00
   4.3457980e+00  -8.9849793e+00   5.0000000e+00
   3.7810155e+00  -9.6018480e+00   5.0000000e+00
   5.6715449e+00  -8.1874531e+00   5.0000000e+00
   4.4287068e+00  -9.4654298e+00   5.0000000e+00
   5.1532214e+00  -9.7588269e+00   5.0000000e+00
   3.0033495e+00  -8.9544729e+00   5.0000000e+00
   6.1845506e+00  -8.3463904e+00   5.0000000e+00
   4.9580623e+00  -9.4378549e+00   5.0000000e+00
   4.8949471e+00  -9.6367146e+00   5.0000000e+00
   4.4100943e+00  -9.4061690e+00   5.0000000e+00
   4.1324681e+00  -7.8139815e+00   5.0000000e+00
   4.7569901e+00  -8.2569591e+00   5.0000000e+00
   4.9383010e+00  -8.7588249e+00   5.0000000e+00
   5.4883932e+00  -9.1313407e+00   5.0000000e+00
   4.7672324e+00  -9.3928450e+00   5.0000000e+00
   5.1170939e+00  -9.7411236e+00   5.0000000e+00
   3.5694475e+00  -9.6629514e+00   5.0000000e+00
   4.5377954e+00  -8.3164840e+00   5.0000000e+00
   3.6053522e+00  -7.6758567e+00   5.0000000e+00
   4.6163574e+00  -9.6979430e+00   5.0000000e+00
   4.7272582e+00  -8.5803508e+00   5.0000000e+00
   4.2406358e+00  -8.3632943e+00   5.0000000e+00
   4.2580559e+00  -9.8190209e+00   5.0000000e+00
   4.3967363e+00  -8.6098386e+00   5.0000000e+00
   3.9623752e+00  -8.6916102e+00   5.0000000e+00
   3.9426460e+00  -8.3856748e+00   5.0000000e+00
   4.5171085e+00  -9.5600164e+00   5.0000000e+00
   4.2942835e+00  -9.2278411e+00   5.0000000e+00
   5.1556849e+00  -9.5417922e+00   5.0000000e+00
   3.0292217e+00  -8.7679547e+00   5.0000000e+00
   3.2312848e+00  -1.0498134e+01   5.0000000e+00
   4.6696002e+00  -8.9664235e+00   5.0000000e+00
   5.0526875e+00  -1.0079908e+01   5.0000000e+00
   4.8237575e+00  -8.0385370e+00   5.0000000e+00
   4.7595352e+00  -8.7563437e+00   5.0000000e+00
   5.6183260e+00  -8.5207908e+00   5.0000000e+00
   4.9751597e+00  -8.1705700e+00   5.0000000e+00
   4.8178686e+00  -1.0128829e+01   5.0000000e+00
   4.1461204e+00  -8.2283073e+00   5.0000000e+00
   4.0666014e+00  -9.4814179e+00   5.0000000e+00
   4.4498584e+00  -8.9980529e+00   5.0000000e+00
   4.9010001e+00  -9.8811113e+00   5.0000000e+00
   3.0948363e+00  -7.7019264e+00   5.0000000e+00
   3.3089627e+00  -9.7912343e+00   5.0000000e+00
   4.7517903e+00  -7.8531035e+00   5.0000000e+00
   3.6337345e+00  -9.4842604e+00   5.0000000e+00
   4.6457085e+00  -7.8898782e+00   5.0000000e+00
   4.5786105e+00  -9.5796740e+00   5.0000000e+00
   3.7746698e+00  -9.3931068e+00   5.0000000e+00
   4.9615598e+00  -9.4036922e+00   5.0000000e+00
   4.6825656e+00  -9.7247099e+00   5.0000000e+00
   4.6353760e+00  -8.1339306e+00   5.0000000e+00
   4.0225098e+00  -9.7625648e+00   5.0000000e+00
   5.0191788e+00  -8.7658791e+00   5.0000000e+00
   3.8301862e+00  -8.9857277e+00   5.0000000e+00
   4.8062219e+00  -9.8789249e+00   5.0000000e+00
   4.5655000e+00  -9.2893398e+00   5.0000000e+00
   3.6600560e+00  -7.4582162e+00   5.0000000e+00
   4.8610348e+00  -8.2561172e+00   5.0000000e+00
   5.4041908e+00  -8.3214935e+00   5.0000000e+00
   4.3030612e+00  -8.9364511e+00   5.0000000e+00
   3.4094141e+00  -1.0111448e+01   5.0000000e+00
   4.8927991e+00  -8.9292476e+00   5.0000000e+00
   5.4434327e+00  -9.6327435e+00   5.0000000e+00
   4.8265713e+00  -9.7893805e+00   5.0000000e+00
   6.1698315e+00  -9.3903021e+00   5.0000000e+00
   4.8843238e+00  -8.5658163e+00   5.0000000e+00
   4.9271861e+00  -7.6852987e+00   5.0000000e+00
   3.8289557e+00  -8.1873447e+00   5.0000000e+00
   3.5092508e+00  -8.9137788e+00   5.0000000e+00
   2.4465150e+00  -9.3839386e+00   5.0000000e+00
   3.8653376e+00  -8.5994817e+00   5.0000000e+00
   4.8846136e+00  -8.8705138e+00   5.0000000e+00
   4.0839367e+00  -9.3192012e+00   5.0000000e+00
   4.5010918e+00  -9.8679494e+00   5.0000000e+00
   4.6731286e+00  -9.4697099e+00   5.0000000e+00
   3.4582309e+00  -9.2698323e+00   5.0000000e+00
   3.5804080e+00  -7.9721374e+00   5.0000000e+00
   4.5549215e+00  -8.3529271e+00   5.0000000e+00
   3.3251686e+00  -7.7865044e+00   5.0000000e+00
   3.9922906e+00  -8.4176847e+00   5.0000000e+00
   4.1684579e+00  -7.9354952e+00   5.0000000e+00
   4.8238924e+00  -9.2510900e+00   5.0000000e+00
