  -2.9157820e+00   6.3938303e-01   1.0000000e+00
  -1.1335654e+00   7.4328112e-01   1.0000000e+00
   1.9530484e+00  -3.4753061e+00   1.0000000e+00
  -1.8670968e+00  -2.1290704e+00   1.0000000e+00
  -2.7759703e+00  -2.2370329e+00   1.0000000e+00
  -3.4403040e+00  -2.0601548e+00   1.0000000e+00
  -6.8149588e+00  -1.8969739e+00   1.0000000e+00
  -4.3207848e+00  -7.2957844e-01   1.0000000e+00
  -1.7875400e+00   6.1364691e-02   1.0000000e+00
  -2.1041741e+00  -1.8343439e+00   1.0000000e+00
  -2.3317758e+00  -2.0869446e+00   1.0000000e+00
  -9.8554725e-01   1.3956014e+00   1.0000000e+00
  -3.7031282e+00  -1.1641213e+00   1.0000000e+00
  -3.2219949e+00  -1.4268289e+00   1.0000000e+00
  -2.7780880e+00   2.4083273e+00   1.0000000e+00
  -1.8750690e-01  -2.6257776e+00   1.0000000e+00
   4.0467057e-01   1.7282501e-01   1.0000000e+00
  -4.1222639e+00   1.2269095e+00   1.0000000e+00
  -5.8209245e+00  -4.9937997e-01   1.0000000e+00
   1.4548882e+00  -3.6778037e+00   1.0000000e+00
  -3.7506674e+00  -3.3969684e+00   1.0000000e+00
  -1.6110592e+00  -4.4196949e+00   1.0000000e+00
  -2.3379149e+00  -4.0056068e+00   1.0000000e+00
  -2.1474528e+00  -9.8885331e-01   1.0000000e+00
  -1.5055974e+00  -6.6017920e-01   1.0000000e+00
  -5.0324573e+00   9.1688038e-02   1.0000000e+00
  -3.8467879e-01  -9.4566051e-01   1.0000000e+00
   1.3002877e+00  -3.2796800e+00   1.0000000e+00
   1.2079653e+00  -7.5567091e-01   1.0000000e+00
  -4.7056250e+00  -1.1063378e+00   1.0000000e+00
  -3.4970391e+00  -6.8950974e-01   1.0000000e+00
   6.3873347e-01  -1.3769208e+00   1.0000000e+00
  -6.8707033e+00   2.4909308e-01   1.0000000e+00
  -2.9751565e+00  -4.1171894e-01   1.0000000e+00
  -2.1712586e+00   5.0227853e-01   1.0000000e+00
  -5.2404160e-01  -1.4871664e+00   1.0000000e+00
  -2.0467878e+00  -7.7938917e-01   1.0000000e+00
  -2.1250792e+00   9.1871925e-01   1.0000000e+00
  -8.8206416e-01  -2.0129929e+00   1.0000000e+00
  -2.3658611e+00  -8.8355052e-01   1.0000000e+00
  -3.3498441e+00   5.7272888e-01   1.0000000e+00
  -4.6307608e+00  -1.0099037e+00   1.0000000e+00
  -3.9298437e+00  -6.8776479e-01   1.0000000e+00
  -2.5408500e+00  -3.4113387e+00   1.0000000e+00
  -1.9635581e+00  -2.1876054e+00   1.0000000e+00
  -1.8318320e+00   7.0735219e-01   1.0000000e+00
  -2.5845811e-02  -8.8715762e-01   1.0000000e+00
  -1.8938681e+00  -2.7872576e-01   1.0000000e+00
  -1.7672214e+00   2.1164432e+00   1.0000000e+00
  -2.0034057e+00   2.6072514e+00   1.0000000e+00
  -2.2959152e+00  -1.6015912e+00   1.0000000e+00
  -5.0543822e+00   3.1079022e-01   1.0000000e+00
  -2.3228915e+00   1.5304357e-01   1.0000000e+00
  -3.8260314e+00   2.3155954e+00   1.0000000e+00
  -4.3722861e-01  -1.7032871e-01   1.0000000e+00
  -2.9496930e+00  -1.1395492e-01   1.0000000e+00
  -2.5098890e+00   1.6094183e+00   1.0000000e+00
  -4.6432870e+00  -1.0703843e+00   1.0000000e+00
   7.2829466e-01   3.3006304e+00   1.0000000e+00
  -1.8340573e+00  -3.1822995e-02   1.0000000e+00
  -1.7048480e+00  -3.5376012e+00   1.0000000e+00
  -3.6490788e+00  -8.2812007e-01   1.0000000e+00
  -3.2557712e+00  -9.3022470e-01   1.0000000e+00
  -8.1044112e-01   7.9452184e-01   1.0000000e+00
  -4.8519410e+00  -1.9043740e+00   1.0000000e+00
  -2.7147348e+00   1.7853498e+00   1.0000000e+00
  -1.4131878e+00  -3.0085677e+00   1.0000000e+00
  -3.3701158e+00  -2.4512264e+00   1.0000000e+00
  -2.9583885e+00   9.4976520e-01   1.0000000e+00
  -1.8300395e+00  -1.9887505e+00   1.0000000e+00
  -8.5114966e-01   3.4198749e-01   1.0000000e+00
  -7.0046525e+00  -1.4239858e+00   1.0000000e+00
   2.4147798e+00  -1.6132129e-01   1.0000000e+00
  -3.8299157e+00  -1.6325843e+00   1.0000000e+00
   8.3599537e-03  -1.6888941e+00   1.0000000e+00
  -9.4083745e-01  -1.2123634e+00   1.0000000e+00
  -2.1870758e+00  -1.5728363e+00   1.0000000e+00
  -2.8736895e+00  -1.1623849e+00   1.0000000e+00
  -6.1253606e-01   1.0806989e+00   1.0000000e+00
  -3.6491577e+00  -1.1670727e+00   1.0000000e+00
  -3.0121393e+00  -2.7143650e+00   1.0000000e+00
   9.9894175e-01  -6.2504579e-01   1.0000000e+00
  -2.3374981e+00   3.1663594e+00   1.0000000e+00
  -1.5803027e+00  -9.8972123e-01   1.0000000e+00
  -2.5709190e+00  -1.4735550e+00   1.0000000e+00
  -4.3292800e+00  -4.4427612e-01   1.0000000e+00
   1.6036631e+00  -5.9491129e+00   1.0000000e+00
   1.4671386e-02   7.3377568e-01   1.0000000e+00
   5.2423007e-01  -1.6063634e-01   1.0000000e+00
  -1.7103667e+00   8.7591013e-01   1.0000000e+00
  -3.7579858e+00  -7.1404975e+00   1.0000000e+00
  -1.8741409e+00  -1.9490289e+00   1.0000000e+00
   2.5543102e-01  -4.5267935e+00   1.0000000e+00
  -4.6027842e+00  -1.0219625e+00   1.0000000e+00
  -1.5307647e+00   7.2657826e-01   1.0000000e+00
  -1.2174401e+00   8.8393708e-01   1.0000000e+00
  -2.0455277e+00  -1.0091943e+00   1.0000000e+00
  -5.0029629e-01  -1.5681472e+00   1.0000000e+00
  -5.8980885e+00   3.0094782e+00   1.0000000e+00
  -2.3163834e-01  -4.1220821e-01   1.0000000e+00
   6.0011620e+00   3.3578307e+00   2.0000000e+00
   2.5838571e+00   7.3398181e+00   2.0000000e+00
   4.5204259e+00   5.9094264e+00   2.0000000e+00
   5.9875475e+00   9.5189341e+00   2.0000000e+00
   3.1300356e+00   2.6681359e+00   2.0000000e+00
   3.4366286e+00   8.2683930e+00   2.0000000e+00
   2.6278038e+00   5.7794957e+00   2.0000000e+00
   6.8011361e+00   1.0213335e+01   2.0000000e+00
   5.5620035e+00   4.3036703e+00   2.0000000e+00
   5.4588571e+00   5.9785901e+00   2.0000000e+00
   8.9584899e+00   2.3806677e+00   2.0000000e+00
   7.8192112e+00   8.4802406e+00   2.0000000e+00
   7.0753299e+00   6.2474873e+00   2.0000000e+00
   6.9451595e+00   1.8228489e+00   2.0000000e+00
   3.4804030e+00   7.8168910e+00   2.0000000e+00
   7.5719985e+00   3.5966239e+00   2.0000000e+00
   6.3897333e+00   4.4189132e+00   2.0000000e+00
   1.5690035e+00   8.9487210e+00   2.0000000e+00
   4.0766133e+00   7.2698999e+00   2.0000000e+00
   1.1456221e+00   5.8486009e+00   2.0000000e+00
   9.2087677e+00   5.8552304e+00   2.0000000e+00
   7.3554898e+00   4.2432037e+00   2.0000000e+00
   6.8629779e+00   4.8852893e+00   2.0000000e+00
   6.3669175e+00   5.3503007e+00   2.0000000e+00
   5.6216546e+00   6.8102539e+00   2.0000000e+00
   3.2676146e+00   5.8597866e+00   2.0000000e+00
   3.6897455e+00   7.4571372e+00   2.0000000e+00
   5.0157598e+00   6.1424465e+00   2.0000000e+00
   6.4374869e+00   7.2278103e+00   2.0000000e+00
   5.7213828e+00   7.0933548e+00   2.0000000e+00
   3.3063145e+00   9.7706195e+00   2.0000000e+00
   8.3634214e+00   1.0634553e+01   2.0000000e+00
   1.5782729e+00   6.0704331e+00   2.0000000e+00
   4.2004550e+00   4.0219090e+00   2.0000000e+00
   7.8094538e+00   6.2587012e+00   2.0000000e+00
   6.9428888e-01   7.0134658e+00   2.0000000e+00
   2.7590786e+00   8.6963306e+00   2.0000000e+00
   2.2202811e+00   6.2224794e+00   2.0000000e+00
   4.6190333e+00   5.1531123e+00   2.0000000e+00
   6.0553446e+00   3.6504916e+00   2.0000000e+00
   5.0180385e+00   9.6026174e+00   2.0000000e+00
   6.2786951e+00   4.4576249e+00   2.0000000e+00
   4.1068533e+00   7.5906191e+00   2.0000000e+00
   4.5125273e+00   8.6707372e+00   2.0000000e+00
   6.3807846e+00   4.9629356e+00   2.0000000e+00
   6.8405645e+00   2.5137372e+00   2.0000000e+00
   7.6764010e+00   4.9083301e+00   2.0000000e+00
   5.6164869e+00   4.4337740e+00   2.0000000e+00
   5.4570021e+00   9.2059780e+00   2.0000000e+00
   3.9568931e+00   6.0789338e+00   2.0000000e+00
   3.2720528e+00   5.2386013e+00   2.0000000e+00
   5.2932185e+00   5.7654480e+00   2.0000000e+00
   7.3592512e+00   8.1979177e+00   2.0000000e+00
   6.7651499e+00   5.4414165e+00   2.0000000e+00
   4.5172937e+00   8.5196378e+00   2.0000000e+00
   3.2730755e+00   6.3627265e+00   2.0000000e+00
   3.9366622e+00   7.6345671e+00   2.0000000e+00
   5.8226335e+00   5.3205957e+00   2.0000000e+00
   7.2200508e+00   7.5625719e+00   2.0000000e+00
   5.3949144e+00   1.2048036e+00   2.0000000e+00
   3.3336372e+00   3.1938986e+00   2.0000000e+00
   4.7618401e+00   4.1101932e+00   2.0000000e+00
  -2.9547762e-02   4.8251235e+00   2.0000000e+00
   1.6830100e+00   4.9348899e+00   2.0000000e+00
   5.1453112e+00   9.0166927e+00   2.0000000e+00
   2.1247324e+00   5.2492338e+00   2.0000000e+00
   7.6344660e+00   5.1668704e+00   2.0000000e+00
   7.7444220e+00   5.5608660e+00   2.0000000e+00
   2.8024076e+00   4.4566250e+00   2.0000000e+00
   7.1236708e+00   4.6624491e+00   2.0000000e+00
   7.8437954e+00   4.3186496e+00   2.0000000e+00
   4.1338242e+00   5.8837973e+00   2.0000000e+00
   6.6018491e+00   7.9097592e+00   2.0000000e+00
   3.9130576e+00   8.4851546e+00   2.0000000e+00
   3.8145436e+00   7.8499576e+00   2.0000000e+00
   3.8385630e+00   5.2705728e+00   2.0000000e+00
   3.5738789e-01   5.9038714e+00   2.0000000e+00
   4.1901702e+00   6.7809140e+00   2.0000000e+00
   7.4208757e+00   6.1738068e+00   2.0000000e+00
   4.0158874e+00   8.6160577e+00   2.0000000e+00
   1.5791222e+00   4.4199738e+00   2.0000000e+00
   7.1859678e+00   4.0256001e+00   2.0000000e+00
   6.5791451e+00   3.7682278e+00   2.0000000e+00
   4.3919527e+00   4.2733487e+00   2.0000000e+00
   3.3779698e+00   4.6127132e+00   2.0000000e+00
   6.3765599e+00   2.0367553e+00   2.0000000e+00
   5.3146250e+00   2.6585248e+00   2.0000000e+00
   4.2371565e+00   5.3800754e+00   2.0000000e+00
   7.3333850e+00   3.3059287e+00   2.0000000e+00
   4.3261618e+00   7.8352148e+00   2.0000000e+00
   2.4213185e+00   1.8627942e+00   2.0000000e+00
   5.9672411e+00   4.6236722e+00   2.0000000e+00
   8.2754058e+00   3.4838796e+00   2.0000000e+00
   4.9230196e+00   6.3180612e+00   2.0000000e+00
   4.8540267e+00   5.2452005e+00   2.0000000e+00
   2.6376915e+00   4.4386641e+00   2.0000000e+00
   6.2873271e+00   7.8001549e+00   2.0000000e+00
   5.1564052e+00   6.3093048e+00   2.0000000e+00
   5.9951105e+00   9.6711248e+00   2.0000000e+00
   3.6728955e+00   5.3886283e+00   2.0000000e+00
   4.5593336e-01   1.3854455e+01   3.0000000e+00
   4.6851536e-01   1.5481161e+01   3.0000000e+00
   9.9276512e-01   1.2722288e+01   3.0000000e+00
  -8.0574570e-01   1.3259585e+01   3.0000000e+00
  -4.0403351e-01   1.3355948e+01   3.0000000e+00
   1.1200557e+00   1.3017761e+01   3.0000000e+00
   2.5710684e+00   1.3644886e+01   3.0000000e+00
   1.5892960e+00   1.3415849e+01   3.0000000e+00
   2.1888598e+00   1.1644349e+01   3.0000000e+00
  -2.3047907e+00   1.2758771e+01   3.0000000e+00
   5.3921681e+00   1.7664658e+01   3.0000000e+00
   2.2874270e+00   1.3873958e+01   3.0000000e+00
  -1.4631198e-01   1.3747819e+01   3.0000000e+00
   1.3227950e+00   1.7313742e+01   3.0000000e+00
   2.1678692e+00   1.7179113e+01   3.0000000e+00
  -1.5596737e+00   9.7497526e+00   3.0000000e+00
   8.8344031e-02   1.1718855e+01   3.0000000e+00
   1.3107255e+00   1.1464829e+01   3.0000000e+00
   1.7067881e+00   1.3246473e+01   3.0000000e+00
   1.4566465e+00   1.3917974e+01   3.0000000e+00
   3.6501916e+00   1.2007341e+01   3.0000000e+00
   1.5590776e-01   1.1293279e+01   3.0000000e+00
  -2.5262793e+00   1.6935682e+01   3.0000000e+00
   1.3080471e-01   1.4402790e+01   3.0000000e+00
  -4.8085522e-01   1.4881411e+01   3.0000000e+00
   4.2640553e-01   1.4553345e+01   3.0000000e+00
  -1.0615826e+00   1.3565519e+01   3.0000000e+00
   3.8626754e+00   1.5785421e+01   3.0000000e+00
   1.2156289e+00   1.2491739e+01   3.0000000e+00
   1.3037133e+00   9.9240928e+00   3.0000000e+00
   2.8290101e+00   1.3684636e+01   3.0000000e+00
   8.9765576e-01   1.8597399e+01   3.0000000e+00
   1.9853072e+00   1.6576793e+01   3.0000000e+00
   2.8139536e+00   1.3544312e+01   3.0000000e+00
   6.9806134e-01   1.4347637e+01   3.0000000e+00
   7.1196585e-02   1.3784758e+01   3.0000000e+00
  -3.0002467e+00   1.4378633e+01   3.0000000e+00
   5.0684070e-01   1.0965060e+01   3.0000000e+00
  -3.4525850e-01   1.1529555e+01   3.0000000e+00
   1.1782409e+00   1.2111497e+01   3.0000000e+00
   1.6625453e+00   1.3936347e+01   3.0000000e+00
   1.8339008e+00   1.5741322e+01   3.0000000e+00
  -1.4296207e+00   1.3914001e+01   3.0000000e+00
  -2.6450422e+00   1.2467471e+01   3.0000000e+00
   8.4068335e-01   1.3077105e+01   3.0000000e+00
   2.5574288e+00   1.1760522e+01   3.0000000e+00
  -5.4164859e-01   1.7383000e+01   3.0000000e+00
   2.3991596e+00   1.0365978e+01   3.0000000e+00
   6.6650819e-01   1.4455110e+01   3.0000000e+00
  -1.5853857e+00   1.8157619e+01   3.0000000e+00
  -5.8976451e-01   1.5826903e+01   3.0000000e+00
   2.9014458e+00   1.5325128e+01   3.0000000e+00
   1.1845770e+00   1.5411300e+01   3.0000000e+00
  -1.2512592e+00   1.2171805e+01   3.0000000e+00
   1.6312801e-01   9.5942754e+00   3.0000000e+00
   8.3895796e-03   1.9222884e+01   3.0000000e+00
   1.5194033e+00   1.4837797e+01   3.0000000e+00
   4.0081826e-01   1.4043996e+01   3.0000000e+00
  -6.5735832e-01   1.7058029e+01   3.0000000e+00
   7.1580514e-02   1.4904693e+01   3.0000000e+00
  -1.0174841e+00   1.2453370e+01   3.0000000e+00
  -4.2184273e-01   1.2908341e+01   3.0000000e+00
  -2.2233745e+00   1.4132300e+01   3.0000000e+00
  -2.1564870e+00   1.4423527e+01   3.0000000e+00
   1.8284571e+00   1.5677495e+01   3.0000000e+00
   2.6546739e+00   1.7822822e+01   3.0000000e+00
  -8.8894576e-01   1.2532585e+01   3.0000000e+00
   3.1627094e+00   1.7157357e+01   3.0000000e+00
  -9.0346351e-02   1.2871955e+01   3.0000000e+00
  -2.2198629e-01   1.1292147e+01   3.0000000e+00
   1.3304595e+00   1.5595374e+01   3.0000000e+00
   5.5380135e+00   1.3510958e+01   3.0000000e+00
   4.8741949e-01   1.5012229e+01   3.0000000e+00
   1.3937568e+00   1.8874579e+01   3.0000000e+00
   1.5085555e+00   1.8381856e+01   3.0000000e+00
   2.6104504e+00   1.7275313e+01   3.0000000e+00
  -1.1879268e+00   1.7392283e+01   3.0000000e+00
  -9.8450386e-01   1.6958161e+01   3.0000000e+00
  -1.5611210e+00   1.9855969e+01   3.0000000e+00
   2.2447898e+00   1.4743593e+01   3.0000000e+00
   4.8188869e-01   1.4394145e+01   3.0000000e+00
   1.0894730e+00   1.4516947e+01   3.0000000e+00
   1.5002891e+00   1.2094249e+01   3.0000000e+00
  -3.0062182e-02   1.5184158e+01   3.0000000e+00
   9.1617158e-01   1.3454926e+01   3.0000000e+00
   2.2609951e+00   1.6102284e+01   3.0000000e+00
   1.4420284e-01   1.2231414e+01   3.0000000e+00
   2.9842298e+00   1.3735310e+01   3.0000000e+00
  -4.0298326e-01   1.7846737e+01   3.0000000e+00
   3.0174794e+00   1.2406424e+01   3.0000000e+00
   4.3580252e+00   1.0829917e+01   3.0000000e+00
   2.0160255e+00   1.6397534e+01   3.0000000e+00
   3.1854089e-01   1.0972405e+01   3.0000000e+00
  -4.9607284e-01   1.3122265e+01   3.0000000e+00
   2.1353707e+00   1.4169620e+01   3.0000000e+00
   8.5689823e-01   1.6220440e+01   3.0000000e+00
  -5.0429176e-01   1.2596893e+01   3.0000000e+00
   2.4695090e-01   1.1525659e+01   3.0000000e+00
  -1.5866008e+00   1.3771535e+01   3.0000000e+00
  -7.4297536e-01   1.2505857e+01   3.0000000e+00
  -1.1201760e+01   1.3723187e+01   4.0000000e+00
  -8.3379664e+00   1.4499350e+01   4.0000000e+00
  -7.4809808e+00   1.5169929e+01   4.0000000e+00
  -6.5446595e+00   1.2317758e+01   4.0000000e+00
  -6.4893127e+00   1.3319450e+01   4.0000000e+00
  -6.1892300e+00   1.5860935e+01   4.0000000e+00
  -6.8439298e+00   1.2405310e+01   4.0000000e+00
  -8.1775252e+00   1.3234709e+01   4.0000000e+00
  -8.2551161e+00   1.1782896e+01   4.0000000e+00
  -8.5341183e+00   1.3071798e+01   4.0000000e+00
  -5.9496992e+00   1.3550197e+01   4.0000000e+00
  -1.2233539e+01   1.1270699e+01   4.0000000e+00
  -8.1659259e+00   1.0708057e+01   4.0000000e+00
  -9.3569787e+00   1.5356709e+01   4.0000000e+00
  -7.4437098e+00   1.2305186e+01   4.0000000e+00
  -7.1825551e+00   1.1888006e+01   4.0000000e+00
  -1.0599059e+01   1.4551740e+01   4.0000000e+00
  -6.6667135e+00   9.2191314e+00   4.0000000e+00
  -7.1881591e+00   9.9532505e+00   4.0000000e+00
  -7.9162057e+00   1.6474803e+01   4.0000000e+00
  -8.2332647e+00   1.4850970e+01   4.0000000e+00
  -9.9177537e+00   1.1168462e+01   4.0000000e+00
  -1.1887836e+01   1.4900238e+01   4.0000000e+00
  -9.6427018e+00   1.5046219e+01   4.0000000e+00
  -8.4893656e+00   1.0770031e+01   4.0000000e+00
  -6.9728233e+00   1.4036615e+01   4.0000000e+00
  -8.5341451e+00   1.1378859e+01   4.0000000e+00
  -1.1405264e+01   1.5167157e+01   4.0000000e+00
  -7.1178737e+00   1.7456278e+01   4.0000000e+00
  -6.4517053e+00   1.2804302e+01   4.0000000e+00
  -1.1899187e+01   1.2213622e+01   4.0000000e+00
  -4.6297025e+00   1.3990340e+01   4.0000000e+00
  -7.8009719e+00   1.6520341e+01   4.0000000e+00
  -1.0469830e+01   1.2119159e+01   4.0000000e+00
  -1.1052220e+01   1.5553975e+01   4.0000000e+00
  -5.0042846e+00   1.5373259e+01   4.0000000e+00
  -1.1431148e+01   1.4622420e+01   4.0000000e+00
  -9.6433785e+00   1.3511862e+01   4.0000000e+00
  -9.8564395e+00   1.4847734e+01   4.0000000e+00
  -1.0691228e+01   1.3900000e+01   4.0000000e+00
  -5.3282231e+00   1.0999768e+01   4.0000000e+00
  -5.9172444e+00   1.0412867e+01   4.0000000e+00
  -1.1323586e+01   1.4763912e+01   4.0000000e+00
  -9.5183814e+00   1.6571584e+01   4.0000000e+00
  -7.5560452e+00   1.5078712e+01   4.0000000e+00
  -1.0609594e+01   1.1751825e+01   4.0000000e+00
  -4.4279436e+00   1.4354507e+01   4.0000000e+00
  -1.1757066e+01   1.0032380e+01   4.0000000e+00
  -1.2161808e+01   1.2578757e+01   4.0000000e+00
  -3.2914170e+00   9.3577844e+00   4.0000000e+00
  -8.4089913e+00   1.7006079e+01   4.0000000e+00
  -6.7071093e+00   1.7558579e+01   4.0000000e+00
  -1.2256495e+01   1.2942517e+01   4.0000000e+00
  -1.0063903e+01   1.2019337e+01   4.0000000e+00
  -6.0642534e+00   1.1892408e+01   4.0000000e+00
  -8.1130972e+00   1.5550517e+01   4.0000000e+00
  -7.6213803e+00   1.5978464e+01   4.0000000e+00
  -9.9640249e+00   1.4967211e+01   4.0000000e+00
  -1.1774622e+01   1.4149249e+01   4.0000000e+00
  -7.8459812e+00   1.2282834e+01   4.0000000e+00
  -7.4521562e+00   8.2705148e+00   4.0000000e+00
  -4.9611280e+00   1.1187618e+01   4.0000000e+00
  -7.8188238e+00   1.4346697e+01   4.0000000e+00
  -1.2016894e+01   1.2133771e+01   4.0000000e+00
  -1.2052097e+01   1.4684279e+01   4.0000000e+00
  -8.5346423e+00   1.5571776e+01   4.0000000e+00
  -1.0714121e+01   1.4921322e+01   4.0000000e+00
  -8.1839733e+00   1.2784933e+01   4.0000000e+00
  -6.4160851e+00   9.9954569e+00   4.0000000e+00
  -9.8266980e+00   1.2271736e+01   4.0000000e+00
  -1.0510742e+01   1.2085691e+01   4.0000000e+00
  -4.0596775e+00   1.4246458e+01   4.0000000e+00
  -8.1499004e+00   1.3493234e+01   4.0000000e+00
  -9.2295668e+00   1.3319064e+01   4.0000000e+00
  -7.2935454e+00   1.2830418e+01   4.0000000e+00
  -1.1712856e+01   1.4381545e+01   4.0000000e+00
  -1.1664789e+01   1.3627861e+01   4.0000000e+00
  -7.2168412e+00   1.2129392e+01   4.0000000e+00
  -7.7347973e+00   1.6638656e+01   4.0000000e+00
  -8.4656867e+00   1.2842345e+01   4.0000000e+00
  -6.1656369e+00   1.1869800e+01   4.0000000e+00
  -5.3083358e+00   1.6968453e+01   4.0000000e+00
  -8.2396792e+00   1.4339015e+01   4.0000000e+00
  -1.0736339e+01   1.2930467e+01   4.0000000e+00
  -5.1487342e+00   1.3711870e+01   4.0000000e+00
  -8.9929119e+00   1.6897543e+01   4.0000000e+00
  -9.5688402e+00   1.2973386e+01   4.0000000e+00
  -8.7382288e+00   1.6217685e+01   4.0000000e+00
  -7.2451041e+00   1.2219264e+01   4.0000000e+00
  -7.1689855e+00   1.2079722e+01   4.0000000e+00
  -4.8837660e+00   8.5233327e+00   4.0000000e+00
  -7.8384782e+00   1.5363310e+01   4.0000000e+00
  -8.6247858e+00   1.0679629e+01   4.0000000e+00
  -6.7885718e+00   1.2041187e+01   4.0000000e+00
  -7.1801030e+00   1.2572627e+01   4.0000000e+00
  -7.4773274e+00   1.2719189e+01   4.0000000e+00
  -6.8663656e+00   1.1865685e+01   4.0000000e+00
  -3.8296072e+00   1.5707618e+01   4.0000000e+00
  -7.1205847e+00   1.1782499e+01   4.0000000e+00
  -7.1102802e+00   1.2436579e+01   4.0000000e+00
  -1.1372387e+01   7.9616853e+00   5.0000000e+00
  -1.1966055e+01   3.0267121e+00   5.0000000e+00
  -8.6575735e+00  -7.1899617e-01   5.0000000e+00
  -1.2654523e+01   4.0449787e+00   5.0000000e+00
  -9.6705358e+00   1.7239462e+00   5.0000000e+00
  -1.0090656e+01   3.9855382e+00   5.0000000e+00
  -1.0452884e+01   5.5309772e+00   5.0000000e+00
  -1.1229665e+01   4.4394411e+00   5.0000000e+00
  -1.1664477e+01   1.4693401e+00   5.0000000e+00
  -9.7236520e+00  -4.2854988e+00   5.0000000e+00
  -1.1487114e+01   2.4658401e+00   5.0000000e+00
  -9.6931188e+00   4.3570147e+00   5.0000000e+00
  -8.3142317e+00   2.5987344e+00   5.0000000e+00
  -1.0388472e+01   2.8783497e+00   5.0000000e+00
  -6.9897039e+00   3.4262686e+00   5.0000000e+00
  -1.2375240e+01   7.0204797e+00   5.0000000e+00
  -1.4182100e+01   2.3756932e+00   5.0000000e+00
  -1.2451254e+01   2.3642509e+00   5.0000000e+00
  -1.1752861e+01   6.5994607e+00   5.0000000e+00
  -9.9560856e+00   8.9871359e+00   5.0000000e+00
  -1.1584856e+01   3.5365009e+00   5.0000000e+00
  -1.0619354e+01   6.1797353e+00   5.0000000e+00
  -1.0073179e+01   3.5791448e+00   5.0000000e+00
  -1.0855601e+01   6.4183177e+00   5.0000000e+00
  -9.6345170e+00   3.1307082e+00   5.0000000e+00
  -1.0298876e+01   8.2249169e+00   5.0000000e+00
  -7.4339401e+00   2.9159552e+00   5.0000000e+00
  -1.1107806e+01   4.7415139e+00   5.0000000e+00
  -1.2372100e+01   3.1883938e+00   5.0000000e+00
  -1.2780616e+01  -1.2459641e-01   5.0000000e+00
  -1.1396917e+01   3.4512635e+00   5.0000000e+00
  -9.4595051e+00   3.4968766e+00   5.0000000e+00
  -1.4094850e+01   4.9457602e+00   5.0000000e+00
  -1.2057852e+01   1.1551983e+00   5.0000000e+00
  -7.8344856e+00   4.6511672e+00   5.0000000e+00
  -1.0426816e+01   4.0327046e+00   5.0000000e+00
  -7.0773980e+00   2.6370133e+00   5.0000000e+00
  -1.1721356e+01   3.5985317e-01   5.0000000e+00
  -8.3059168e+00   4.7845727e+00   5.0000000e+00
  -9.5912749e+00   1.6270493e+00   5.0000000e+00
  -1.1298740e+01   4.1211628e+00   5.0000000e+00
  -9.4218147e+00   2.9232991e+00   5.0000000e+00
  -1.4425499e+01   1.7444194e+00   5.0000000e+00
  -1.0062822e+01   3.3084354e+00   5.0000000e+00
  -7.3550026e+00   2.4735932e-02   5.0000000e+00
  -1.3491914e+01   4.2791967e+00   5.0000000e+00
  -1.3215367e+01   5.9454767e+00   5.0000000e+00
  -9.2289350e+00   3.2764928e+00   5.0000000e+00
  -1.3203405e+01   3.9453535e+00   5.0000000e+00
  -9.0975948e+00   4.4097734e+00   5.0000000e+00
  -1.1292634e+01   3.3198861e+00   5.0000000e+00
  -7.9531349e+00   5.7609462e+00   5.0000000e+00
  -9.3971326e+00   9.6700330e-01   5.0000000e+00
  -1.5849584e+01   1.8686666e+00   5.0000000e+00
  -1.2441222e+01   2.7553306e+00   5.0000000e+00
  -1.1797653e+01   4.9557525e+00   5.0000000e+00
  -1.1917656e+01   7.0950991e+00   5.0000000e+00
  -1.0776869e+01   3.8112673e+00   5.0000000e+00
  -1.4597117e+01   1.9304794e+00   5.0000000e+00
  -1.5598252e+01   2.8454872e+00   5.0000000e+00
  -9.1225830e+00   6.5125775e+00   5.0000000e+00
  -1.3853342e+01  -5.6029621e-01   5.0000000e+00
  -9.7501825e+00   3.9783750e+00   5.0000000e+00
  -1.2532091e+01   4.9465776e+00   5.0000000e+00
  -1.0792205e+01   4.5097982e+00   5.0000000e+00
  -1.1383511e+01   1.9440149e+00   5.0000000e+00
  -8.5684157e+00   5.9414004e+00   5.0000000e+00
  -7.6051831e+00   2.7736551e+00   5.0000000e+00
  -1.1547642e+01   4.3925209e+00   5.0000000e+00
  -1.1745174e+01   4.5087755e+00   5.0000000e+00
  -1.2029533e+01   3.2784247e+00   5.0000000e+00
  -1.3414557e+01  -2.3071515e-01   5.0000000e+00
  -1.0180189e+01   3.0694772e+00   5.0000000e+00
  -1.2154685e+01   3.4848147e+00   5.0000000e+00
  -1.1271414e+01   6.3363989e+00   5.0000000e+00
  -1.1377522e+01   6.2168079e+00   5.0000000e+00
  -1.2078817e+01   1.9117288e+00   5.0000000e+00
  -1.4339003e+01   4.5179691e+00   5.0000000e+00
  -9.7835747e+00   6.9524696e+00   5.0000000e+00
  -5.8074153e+00   6.4436662e+00   5.0000000e+00
  -9.8492431e+00   5.7846395e+00   5.0000000e+00
  -1.0320049e+01   3.4228511e+00   5.0000000e+00
  -1.1719363e+01   5.1672534e+00   5.0000000e+00
  -9.8769983e+00   1.4671331e+00   5.0000000e+00
  -9.3896946e+00   5.6722351e+00   5.0000000e+00
  -1.0537323e+01   3.9503252e+00   5.0000000e+00
  -9.6525045e+00   2.1386178e+00   5.0000000e+00
  -1.2054555e+01   6.6385594e+00   5.0000000e+00
  -8.4731566e+00   6.1633873e+00   5.0000000e+00
  -1.1861079e+01   5.8409966e+00   5.0000000e+00
  -8.5967658e+00   5.4815665e+00   5.0000000e+00
  -1.1022369e+01   3.9313439e+00   5.0000000e+00
  -6.2353012e+00   4.7017586e+00   5.0000000e+00
  -1.3645593e+01   3.3459952e+00   5.0000000e+00
  -1.4530714e+01   5.1859819e+00   5.0000000e+00
  -1.2216132e+01   3.4895224e+00   5.0000000e+00
  -9.6473474e+00   4.3128660e+00   5.0000000e+00
  -1.3451028e+01   2.3013062e+00   5.0000000e+00
  -1.2597635e+01   2.6301382e+00   5.0000000e+00
  -6.5404394e+00   4.2656560e+00   5.0000000e+00
